MAE: 0.20876716255985628
MSE: 0.12028204709321672
RMSE: 0.34681702249632546
R2 Score: 0.8425030014153506
