MAE: 0.24954446657882554
MSE: 0.13401864536792282
RMSE: 0.36608557110042295
R2 Score: 0.8251959660653012
